id,saleprice
2658,151472.59302199777
2718,154991.33344351282
2414,210629.0805816004
1989,115682.95817821403
625,175542.47920257045
333,87846.04451225835
1327,111037.33255914811
858,151194.1244455458
95,180407.3226708901
1568,169706.05706546744
2482,142946.6798495943
1364,129694.85843559357
2584,147732.55094868655
818,271123.9694744004
2673,164765.23904881926
2089,124992.53075573625
1297,167790.8585612721
790,119144.76423075295
2616,195103.32403901566
720,165592.5640905313
222,150206.1528078173
557,131204.4953321992
1148,188865.25574933804
2766,166519.96006392885
534,178138.68141806062
1452,125053.46228523331
630,116921.1066275324
2648,140871.89326785807
125,162035.1572604543
1904,60867.22972895547
1670,109555.62937844919
756,99033.20353486466
717,199439.1296044738
1032,154521.53518566035
852,207649.85668300744
1731,181990.20751574548
2639,135803.40567118637
2071,108651.87655904323
1267,113055.91449166693
1851,200480.91850437748
567,168468.50068023018
2439,200309.94665910967
1898,152800.24965594496
647,161117.314551174
2256,208079.89593492105
979,100635.46340163091
1444,210556.96676460587
2485,127648.36748861897
157,136402.0265701178
88,125347.71155059064
2003,116613.15302406484
186,199969.0356044749
1425,231368.81406235378
2695,130010.3658482329
738,105136.14173279918
395,154280.37675125114
1353,172777.07648760642
1878,137316.89869252144
390,162748.28404959495
1456,228019.3086101149
1103,322904.25915450626
1387,139990.12991620236
2070,142906.0110816351
1199,167556.69123214527
2479,174031.57032939905
501,325855.19346987427
2362,94554.61844245256
1718,214449.09633754325
2188,79660.62793193576
1483,151767.61436869687
2557,97256.32388858992
437,365189.20959414286
2224,205144.3772799899
1628,154645.16488145996
397,134386.34169014575
587,194791.5809252983
2182,585253.1988127441
971,138809.71239421045
2611,142858.50076216835
1887,102717.60696104344
2399,387073.4647481733
2148,191322.57223823888
304,138201.3433772335
1997,128120.08750900094
2817,96774.546803471
1431,207063.56001469627
427,361624.54726312694
263,130934.61787184783
598,172189.1585827441
2895,227001.54406070683
687,136414.54471975716
1822,134836.16674296308
2191,118994.55203995781
179,133354.30523340302
1009,225034.40353541827
2010,154138.22523598102
1991,133393.31090567348
1411,201893.16638115962
1721,237423.6962365436
1144,191997.15547317025
593,210111.91621709024
575,328287.02727470384
1249,172499.52965240437
1604,126055.48065340899
1064,493969.491485151
1923,154807.42593743515
1988,117460.16715625662
2325,167147.8354015053
114,194623.86790041457
2700,175361.0585034639
217,146216.12032085945
343,176153.41692394225
386,213852.68538813133
2005,117563.25753648154
2908,145391.09379069577
1814,237070.8737919493
2446,467953.4244635772
208,118437.25062754497
1679,111084.01390818968
822,343900.41106754506
6,197689.34410424135
1781,406749.5907455382
2397,316113.9032098375
2340,323383.76237718284
1618,175786.90081973866
2843,142197.18459214282
1061,372922.5844255887
2786,121256.18577279705
1935,138517.44633399716
1341,118838.96236928701
521,249083.15486130636
2136,136765.19116992678
996,217857.39639902927
227,147011.14818321884
135,189323.07302941926
1167,175351.93098053127
294,227111.94353316593
1776,211049.13396527318
540,158422.75822306096
1717,224468.29298472774
2303,126718.02314870937
116,180347.57402978247
127,139412.98211467138
1371,135103.51443143375
1014,151644.65760252977
1507,107782.55783814109
702,128950.45408155986
750,163515.0702838111
261,152709.65602941837
1559,79632.40503020435
577,210275.26877505705
2812,192034.2958923162
2080,161663.51745678126
1368,113374.2287645808
2376,117133.082805754
659,116482.48263186697
1235,139178.59389455518
332,76614.48412944566
1917,140256.40513113386
2094,250443.01379835693
1460,260338.10202195373
1471,227206.58403062896
1509,123734.90079305976
1922,133488.09541949697
433,503441.8578450867
460,283013.4812459512
1116,239274.631214731
1137,162785.38062259354
53,155682.53483443678
2354,269353.4592802034
1475,195024.0071373205
1761,506091.18288630596
842,147663.43063736346
2739,190859.38189159267
2509,148079.8500137698
1007,196067.9762712715
2610,183977.63387306413
1952,110698.82029188995
2719,158040.4226040194
2921,75157.1829998216
1966,151946.48078523536
292,119415.0932355987
1204,187684.44663189878
1829,253453.3361079006
2419,192154.68568571677
391,141813.22413373433
798,109693.74316360339
481,195724.640116462
193,204470.05958487876
555,119988.55736700931
899,54197.342015460905
2357,181408.65324140887
328,134789.39156002205
1356,116024.4368589569
1154,105474.33782712999
1730,178872.47508129218
2249,164054.6203304318
1119,281265.9117494127
2856,148834.02621952392
1394,128948.46241930351
2587,109888.10788410064
61,323989.5604779153
2661,187539.92843023525
2711,132679.16890431033
1147,171181.58139439765
757,119676.9353163102
2623,118268.5028845463
2378,138954.37995803554
1413,148845.97029280566
1722,212289.56589494448
1112,222617.65387795333
1623,200954.0157243185
1201,199491.14064584085
1513,117144.29231246436
957,328291.10953372956
1171,258951.06134712324
1145,191320.07465868592
2726,227685.64136283877
703,152484.03159574053
760,99788.81611905484
1964,150887.08125560597
2512,172097.67894895843
159,145680.7445424361
1281,167185.10183519166
468,184865.0063910662
290,125530.19746125437
665,99423.30416525692
1463,241833.3824974066
1792,223777.04962107592
923,175906.95454410138
500,283383.04243682284
1408,208159.2620693408
331,87287.86320611375
170,125974.78708465528
2192,95484.53324383213
2571,265829.45782229025
2314,174681.60947127652
2647,90905.86388466477
422,432895.1577714847
2457,367198.75009901135
1838,206930.4437597343
2805,254945.99668620253
1645,154633.8434600311
1711,306808.2109923425
2825,251598.28808854002
322,344370.78282264806
2103,251024.6583836713
342,125846.3392836214
600,130699.82447502817
488,177534.07262037846
1725,323035.6874621463
2246,294863.27493682224
2847,157169.427562516
806,229780.05008760048
530,233959.6548135489
963,186198.63006620793
2678,106151.76645261595
171,82392.08310050143
2401,438328.88072573865
805,216426.99038766362
2259,236607.62314914647
1748,178449.12953078616
1361,142986.7168657052
1677,113669.6362544214
1406,158264.91593544776
2322,255106.51248240046
688,158054.33891440736
143,146965.97510354896
804,198203.47210040336
1214,215483.17091452557
2828,148395.29149861212
1999,196623.09041075784
2467,208350.06835193106
2665,158763.1443172842
1538,329092.8850825995
398,122683.09929454116
2822,146638.09748007724
2157,138119.7970609612
1856,197882.50826256553
1269,97989.27828647276
2570,111047.5853272909
2320,229322.96128052304
1517,140192.65801261182
2304,127681.36374219987
1312,91442.7679293844
2012,134866.86881193914
506,252350.2079576963
2865,213393.2968755324
2367,101430.68837466012
554,99271.70896084799
238,142439.25686622696
1954,107059.27373593798
2488,124102.66466924504
2291,73116.37679417848
1969,118800.31616090631
2725,172987.9819790908
1482,138690.48328238094
2763,197827.68589598886
503,266344.0933764616
1584,246291.1650155229
1531,146248.4913582406
2210,179827.75638255957
459,345216.8648825537
556,135228.19013579114
1347,135082.44096596312
1290,73308.30103933504
1388,104018.06161367793
1571,276920.45344222593
2754,204960.59184524635
765,142299.62167376737
2494,133049.45141691927
2870,240889.30269819594
7,231175.96756277143
1114,250768.1461552723
2418,266655.4257718512
291,144347.7772991847
18,375879.80537808244
39,398396.025712656
1001,274818.02515990654
2442,228430.76760507454
616,113446.47694978805
2680,88905.35286751164
1414,126141.71354952811
289,159454.4783563005
40,261503.61665126221
860,133711.6713978874
409,131971.35926917888
673,163572.70526557812
2427,180831.54498855906
2036,217999.4837124608
2564,136556.80039825768
642,163585.79594449452
1008,174074.50603034062
1908,144669.64942392174
2519,201079.82218134025
1369,97562.36932111994
2855,181975.09406502213
712,103309.98614337738
1943,124851.8313202025
1958,122114.39065595478
107,157213.72960861932
2295,190136.62385691368
704,113325.90667146843
676,128655.486450042
259,184160.18324684264
93,282164.9501105247
106,237142.2153188457
2315,184801.1396157071
1050,95681.49908588252
1095,197167.89066038956
2709,154292.0920789893
758,137652.0553233319
1496,159160.88088662984
2370,122161.92604750849
2458,285047.38160929247
2733,136780.9281636159
161,232923.55855484033
726,146559.89994088974
845,208276.6014789065
947,245036.25091390233
2232,125591.73278545303
2563,148853.5869879592
2299,154665.6341863909
211,100440.4475083678
605,152733.25521749593
1478,201131.91564949742
2247,280781.8153882792
2274,234905.8475978189
2869,215644.39655411398
967,211127.7540159727
2656,134692.2711766278
667,194534.7015846724
1042,113433.49967232962
2023,166188.49581118688
2447,391903.58834144706
2055,135970.0622579358
2275,296251.85503217316
2204,170191.04897716935
1563,286872.220226055
483,218210.4321239058
796,113709.31681984483
1526,154964.41308032733
2042,127719.33415751322
442,359947.79177097545
1693,340933.105128736
1468,215983.09546869755
1430,204698.77502471252
2605,147450.50535100713
1529,200021.67161481958
335,148369.79807892305
1287,125584.58344256697
31,96427.52152634172
1785,352506.7202679744
82,166804.8670420926
2620,125426.94854368403
252,177719.87630766304
721,61327.85032319052
2165,190384.02199890726
2316,198774.87731238359
775,138289.83810251066
1558,102684.2526476809
17,202576.08928636656
1022,213453.15666423438
925,136668.5035817614
438,282594.09700397
1270,145120.90530099027
1272,136768.51888837278
215,127844.47573821686
266,225722.15042799542
2402,297329.3387900654
1250,136735.8425610556
1984,135126.04837928413
1279,152637.24608455284
377,242830.5447250669
1252,126184.82044712655
2156,254610.90497011066
499,323531.72920018237
1374,120174.43791127476
2898,249217.04656764772
401,117337.05459069737
2721,156182.09833493887
2078,230150.11871193128
2589,126299.79796653555
1946,229230.7776891162
1334,126188.84914708357
2781,210292.12773285215
431,400322.1860608611
576,194510.02675793314
1474,208160.54026049635
2254,159261.75139241057
2155,266758.5359587691
885,106162.61753863537
643,142866.58268140754
1944,121913.12173741093
480,189314.5731582361
2845,87471.14976662805
2387,320683.40522034146
2407,213108.79396505005
2527,170983.67587449943
2514,141575.01656010814
629,150158.22967763487
80,197396.0324432138
1876,140669.45715705078
1546,132055.7315539069
2518,168006.2153962842
2347,148854.73283441438
783,246233.9582109593
1322,54360.774435709405
194,88377.91700970387
1770,302043.3058743098
2143,170905.9357113172
1229,232195.01996260294
511,276555.13776541763
46,231808.2986184491
1348,161450.7641900883
2465,206670.87463309185
387,229572.17714634497
873,225516.83846760454
1918,133282.0633665705
2764,225525.55169984
2184,136348.15948118665
934,130239.19380584799
1920,134071.63871888968
2631,147138.71673870797
1768,587879.1638833431
2040,126349.59257061733
1749,212693.74523431217
834,244615.0274180403
1457,226056.2221621694
79,103734.21850641184
2302,136948.66623513392
1817,141578.37324235175
2755,233435.9184359716
359,174756.78769581206
2059,100508.33742726898
2092,216641.40836424014
2516,222531.40810838967
150,122675.03492590037
1656,118304.51941883146
83,94717.2299340114
2411,183047.99279269556
795,79763.95824524341
2312,219237.78115466895
2917,113309.42151273611
1624,174250.7250364113
2215,297050.11948799895
1211,148448.0803808996
1485,159437.46059420484
1024,171374.90354961553
570,200457.62329447834
2874,143981.27994062813
700,127646.85872522248
2756,213727.23748921993
2022,187077.34242011298
583,224279.0879779192
2392,388789.52083514596
2424,166159.3437898413
212,126176.41577493124
736,135297.3856634396
1610,164859.86099356713
890,114270.19388993118
467,175184.28793614692
578,201371.34335976117
1747,199241.55443976927
1149,144348.30192349933
2758,259316.16874567827
857,148111.11755126927
2219,253194.18725053145
733,116524.11585872353
2909,105488.1233230397
1798,249028.7750271664
235,123493.11828229719
2366,116361.13176410127
1027,139929.4150570301
1195,139598.20407947933
1303,49105.79956312926
148,197167.2520492078
608,165878.14798720524
2515,205570.76224062312
821,287433.9344146503
2500,265136.209496458
745,112781.37115968962
741,137983.41636598652
1611,111041.09591014535
2532,130464.39332878318
1081,229650.99144498614
1692,442560.1089749255
2520,176791.33683434178
276,129094.70497214464
1992,130256.24191479626
663,54096.7168044367
418,127712.9696507153
1733,204670.42471066304
2359,151431.0481316347
253,184863.24856451535
1518,180913.71309001924
2035,139768.50999791347
2919,75872.79517336293
1540,244680.44366160443
2120,155103.78584862442
1674,155622.85562530762
256,152678.34589018166
2361,105129.67186035246
978,68708.27016832975
2280,151954.4528534695
2095,218016.22278856626
1709,334162.6317723532
2801,247698.4144054565
1246,108753.82286591413
2373,95626.91452108568
1055,308302.5744950248
2017,130293.48811485572
1099,288150.69540462433
1344,90633.42648755905
835,206121.9323095386
1117,240423.7758066431
2043,81790.9075418459
2085,126663.37855100789
410,146256.9724497333
2650,124489.82160244434
2867,186937.72850501208
1668,112360.52838276653
1161,160846.2873280761
2122,172453.85921171698
2539,156735.00447506964
1047,146192.04631372634
1445,132385.47709173284
541,129166.55028846869
569,226334.6608034192
1276,118090.00566119901
918,164901.14573732545
326,172539.17923209586
1936,126360.97985617281
895,100655.52720956183
257,169794.24035858444
1241,178369.80925454356
1545,132617.0075391295
1189,170653.2769161032
270,135498.43155604738
2066,181439.75963155198
693,111163.53742308023
1259,151816.31571154698
2916,153790.04085709775
2321,292705.149076881
1977,108093.36092198628
1895,139469.12113205896
1240,178066.59071433017
85,149623.58837595725
1823,130025.1930239331
825,291524.0334089752
110,228683.88382637955
697,120170.07319709523
2297,121846.17952408938
1231,141284.01045446884
1355,141865.66838180876
968,349438.5747002017
584,214979.0693160213
1315,139302.9691538916
1606,156931.2644379646
206,107617.31659759798
1685,389862.5739952272
2016,147474.4390052926
869,201441.24408834064
2135,122791.55463258809
2346,173934.3177666813
2430,222933.42063507048
2198,90405.63757083846
2652,125225.70683263606
27,117931.69731559686
241,159153.9555862052
906,120893.66284931268
1506,135650.98207322013
2098,367625.65042952006
1435,229079.82163125978
2213,154364.3979831779
1274,134968.86443591892
743,31498.05883016769
1737,201553.19601948495
2797,266590.6561458613
2185,69330.84089356977
58,174383.48055694354
830,204235.47732744328
808,115666.44809942797
680,147647.71995694673
1153,103109.41288811111
1291,140455.72912364316
1818,149878.01255057473
2161,190009.60832030253
1883,120864.84953586807
350,365508.9253990397
2473,151719.11442274356
295,187914.99936231505
293,188431.8825102585
859,132730.08461211468
288,61676.39730440949
1578,151804.21128713412
102,197961.751485066
2831,136360.4923201058
1030,161326.32268674072
2551,150933.14018744964
1286,160319.70486320372
958,326677.0035945537
776,135652.21623028742
72,260815.34391324222
2263,257440.09615394316
1866,153208.14720400472
2876,72721.50808739617
2146,234858.14943701812
103,170619.52741792393
1500,131211.74438010348
492,182152.33800186153
167,159004.8430137367
2597,117865.00499131906
2685,112484.92934756992
1035,157372.7056983846
1220,78572.74646157015
2602,156992.86369184614
2159,206850.78259621662
695,146578.12036794817
1109,274577.33446180454
640,188943.97784130563
1652,143370.5468894069
2090,174196.33830865863
1188,189993.40773796313
2345,233190.6056497703
1059,410577.2055260467
2751,235271.65652509863
128,214060.7271941512
1523,181085.61410931076
2925,183225.9070755874
2145,289127.5573756161
1121,222813.54205025558
566,255716.38614845672
565,254857.12971183623
1331,143416.68390546757
2928,124686.73015508062
156,142985.7040967565
797,140715.60256926238
327,85078.59999269237
2859,141739.1188493994
1453,130250.15820431945
1762,336544.7066352706
1868,203865.56288960628
1760,180735.1151503623
1113,222876.58959784952
1812,194448.26001599128
117,156221.25882627885
1142,212291.63452680907
2342,429543.3473640649
927,154496.2180522727
2478,188644.31176037012
655,90146.76160621502
2064,119229.2694682033
369,286960.6168828664
2239,121645.85443381983
2732,222166.11126014538
1653,154816.87420996287
959,232065.97377320952
2395,361513.1564159228
1412,117954.07173165272
271,252129.07815398218
1484,139470.63485813123
1497,162138.8647526601
552,164867.17164589046
2,123468.34065409153
1855,306857.8410795118
4,281699.65883009817
2292,146412.45234011585
134,145538.47662337584
646,117813.41433839084
42,315279.9183979352
532,230043.00613468577
713,90916.18193699366
2561,138531.2207626248
2360,131170.0987036362
1333,122284.2882072897
1407,230532.02064245852
2892,288991.38625584124
574,212142.59084764973
1227,193707.37605497637
2591,205810.60921538653
1476,215988.44937766183
1125,265787.4443771604
1446,147227.69022186665
408,124134.15867812112
1101,286689.8744195466
2251,192963.68952524563
373,183446.83964763343
2554,137201.79907687788
2382,260556.7843473372
1985,95250.162920979
519,241344.70302556572
1093,193674.05831541913
864,238377.56129424484
2889,148399.9054314863
2308,209820.19492726913
986,170737.3273421481
1302,152708.52253461262
585,157538.07427178288
2708,151954.33346939538
147,137296.0857147585
1441,215447.51222136934
383,184848.54804872334
285,147810.69431344437
181,102611.12383853132
358,207138.40577628982
780,170759.02219823675
258,193350.0658872465
1865,230265.4501789395
692,119012.26660265824
2902,333627.98288580717
508,245705.9092182451
2638,156860.28431719294
36,147846.25616312382
611,178533.0338622644
2281,161401.30987709278
1678,126627.45261695122
1696,464693.47742821136
1557,92879.95599833311
2180,168295.415627336
1726,220681.6450789073
951,149340.1716125128
267,218702.51061766894
2706,142607.18826517818
2221,255824.98502102506
1357,185931.22747552473
2901,312286.5473476687
347,175281.44777553197
2164,193487.30141550463
1586,298346.5219173498
360,149780.8114878954
1769,267705.15319900203
2617,169343.59140469765
1879,126638.93290766058
991,237861.2999568268
1535,131786.1069912873
1191,140570.91435999595
1579,222140.3092571886
1882,154965.50728831632
1510,142725.92756378732
2196,162613.9602724416
1845,182464.43601586448
2336,404738.9900394095
942,98697.50715594426
861,133656.34964169457
2555,123115.35004426085
1392,163827.1794939876
2099,253682.2560758164
1543,118558.9601508845
948,291068.239859807
1239,187329.65493970757
22,177731.80794382724
2796,243774.76681289764
2747,182686.3585262391
92,288502.8135940067
210,166217.93937391136
1858,196416.00581876346
2228,165010.6955046673
447,244424.48482311142
827,242560.2766293198
1649,203302.84003370695
682,139787.25750792943
2698,109983.36795143964
494,174904.0874719749
214,93174.87588906955
2441,236814.46588086637
2679,111431.20740368872
1336,130787.42770807701
465,171213.74867669327
1524,155359.2025232467
2543,109078.25140266589
631,144875.56362806598
2452,318313.7773246312
228,162874.98591290796
126,176280.0395903256
1092,240100.9331942499
1122,227737.37786626833
932,229625.12259856224
1980,79708.9119641626
2171,112035.69877896087
551,159492.58820138834
2768,168315.17367860707
2056,106261.26157409402
1159,347239.0978030104
2645,125453.10599369717
1174,173243.2054510441
2266,201315.6367530336
2462,385687.0162189414
1219,142992.24703263512
2922,190052.49478475103
118,146396.95637060623
474,151902.68572114088
2576,151376.87387196487
872,288679.3503507772
1077,206582.9463912474
1536,154830.45567937812
1150,113428.8983237048
2341,346519.01804811915
1931,168680.21435903176
2785,139324.52221107294
2538,125435.93438060152
597,212621.48549692275
464,204984.34793034635
233,228764.92359309027
2169,139046.87531642555
2123,170926.50464041086
1867,177171.06742475554
137,248978.29967203096
515,247709.33984165988
933,110720.25251512587
2784,179179.6121309512
972,173456.17125130002
599,180755.54748928334
2614,125918.4320329527
2582,150459.40840032254
1409,162559.39042800062
175,109845.75189041538
352,248839.82290416418
976,87922.55529513123
2134,188473.16158086836
984,117425.37449947442
2396,366412.4664738785
1673,128919.27067364434
404,122212.83053340143
607,166851.30686512255
814,144886.2158258955
868,188627.40002154853
2271,203370.6194184197
1633,233999.67017977723
337,177504.42919387354
2765,193067.06311940428
1746,236230.64791472873
368,339878.4840944058
2806,207148.46273158997
1662,193101.24632764404
1234,213682.6791009744
1373,126870.18629526292
1672,114755.25314711584
1939,122190.44772488983
